Point2D,  [  3  ,  2  ]
Line3D, [7, 12, 3], [-9, 13, 68]
Point3D,[1, 3,8]
Line2D,[5,  7], [3,  8]
Point2D, [3, 2]
LINE3D, [7, -12, 3], [9,13, 68]
POINT3D, [6, 9, 5]
POINT2D, [3, 2]
Line3D, [70,-120, -3], [-29, 1,268]
Line3D, [25, -69, -33], [-2, -41, 58]
Point3D,[6,9,-50]

POINT3D, [20, 1, 5]
POINT3D, [21, 27, 10]
POINT3D, [22, 3, 6]
POINT3D, [23, 41, 3]
POINT3D, [24, 9, 5]

line2d ,[-9, -9], [-99, -99]
LINE2D , [-99,  -99] ,[-999, -999]
line2d,[-999,-999],[-9,-9]
Line2D ,[3, 3] ,[999,999]
Line2D, [999,999], [-999,-999]
LINE2D,[ -999, -999] ,[ 3, 3]

line3D ,[-9, -9, -9], [-99, -99, -99]
LINE3D , [-99,  -99, -999] ,[-999, -999, -999]
line3D,[-999,-999, -9],[-9,-9, -9]
Line3D ,[3, 3, 3] ,[999,999, 999]
Line3D, [999,999, 999], [-999,-999, -999]
LINE3D,[ -999, -999, -999] ,[ 3, 3, 3]
